nTasks=30;
nCPUs=5;
rt=[3429.19537793661 4162.404726578501 2877.175486766699 2975.254254436406 4942.320915752394 4922.147716991413 876.7288858981273 1706.392685120518 3691.271081096095 1445.0947474541858 4576.944972431727 3822.0228161898776 4874.057506261912 1466.9392681196255 1080.4107593919073 3265.939501564166 3703.743230007796 3865.036924043927 1639.179956749851 638.1666109400172 1878.0865199616944 625.0380597106716 535.6369081343721 1335.78423497506 2442.445186345646 4390.357568016304 2476.0410797312607 1411.102985865452 2364.9173024848656 4858.29805813794];
rc=[10000.0 10000.0 10000.0 10000.0 10000.0];
