nTasks=30;
nCPUs=5;
rt=[2461.8906322430844 680.3773796630422 2101.88691685323 1627.7180255337453 2993.866158742975 1034.779439250312 2162.6430566070403 3381.4776722307993 4255.7698437603885 2659.644084919264 1441.1030306985824 993.6873121775347 4328.202305364606 4986.643915975914 828.7783590503085 2060.4759021595746 612.9166328585757 1392.377055632236 3140.036301157479 3321.236948098385 4668.693887311255 3473.8062687285183 1019.7389871830244 3046.809066308943 2045.4063896635637 1390.8198767508034 4525.893559655116 4379.352714331793 3510.432723281118 1372.45285617217];
rc=[10000.0 10000.0 10000.0 10000.0 10000.0];
