nTasks=30;
nCPUs=5;
rt=[2003.4846799286875 4385.744250643125 4839.201826681003 3518.653435882876 517.8157680552023 3322.5405253865715 529.1931853151011 4450.9917375839 4534.411360701538 3371.084588455412 3475.609928890374 3474.064303321754 1110.965919677201 1114.960617290748 3441.021498359739 1352.1381871980075 2392.306266579586 922.4071933499162 2333.882826808066 1480.3263981124462 2915.583016873485 3676.620898351458 2595.677109620989 4283.313912090725 2515.0247090859693 2966.6458903263156 1583.7041940504266 4433.051857961573 754.7142773641943 4944.915500888819];
rc=[10000.0 10000.0 10000.0 10000.0 10000.0];
