nTasks=30;
nCPUs=5;
rt=[4907.847688854411 1297.3140003401127 3976.1591836814628 2982.3488480591172 2228.8339939870366 1479.078568719012 1592.3106360131753 3974.7963781732274 4237.719438673432 1646.280631635167 3534.179838935237 4920.202327854078 4149.648977349364 4195.990434654147 1300.2599325371061 4555.893840393189 2595.9976951154645 1947.0520546172593 1239.7211225398714 1053.0133464295652 3857.7816084668884 940.0589123457885 910.9805248662481 2659.8796441590725 3631.9192191685843 3197.2718638482934 1693.5951266337402 2507.9689746816857 2614.1073920970566 1336.507564261007];
rc=[10000.0 10000.0 10000.0 10000.0 10000.0];
