nTasks=30;
nCPUs=5;
rt=[3953.676541987382 4124.565542724037 2759.5543126630864 3991.4253022699045 1770.569237059772 959.8864129942854 2733.48855767283 514.1426092632322 2398.0045738714134 1638.468732743629 2012.9025974495266 1819.868232842282 3008.869444073721 1461.4109098451781 2080.868469649934 2956.0444165528224 2241.4653726616207 4359.442651678659 4202.789179585995 3676.1404144526036 2072.2072725131243 1123.1246719401543 1812.8264921542532 4918.973503691977 4394.357192564911 1013.0769268595444 3701.0140794780127 4484.220246070037 2973.7064444123284 1491.889244898381];
rc=[10000.0 10000.0 10000.0 10000.0 10000.0];
