nTasks=30;
nCPUs=5;
rt=[4658.471640646929 2824.0749407511125 3232.0639065179553 4094.856769401902 1811.6962676318585 2807.5402048685423 2580.353105642213 1787.8144493182433 1706.3726515273765 2743.7373629011413 3451.9614109717418 4435.999123385129 1004.6353378821144 4610.2001723104595 1200.5307554183973 1875.4477701188819 4550.322410258361 2223.682272228726 998.5899818696342 1899.1247327829449 4889.381314023741 3216.1184858337 4118.838537368808 2724.1900070535075 603.4224733419658 3075.546971179023 2740.438847324842 4847.7542057767005 1211.7986675171796 4829.638237726582];
rc=[10000.0 10000.0 10000.0 10000.0 10000.0];
