nTasks=30;
nCPUs=5;
rt=[3653.3193126498536 2312.468262223125 2396.284085774255 3227.675696178932 1856.2337365403073 4910.892451515881 1528.8644556808745 2119.2799855918356 2031.6950522641894 1432.9003085895044 1180.9731739470014 4505.291794696044 1928.2077054744584 2043.3165482270706 2126.3746344696565 1192.8983450958087 3363.7113142264434 521.1984245721443 2638.2492240518936 2678.2493604965707 3599.213576793294 1137.961906685328 595.7315235107537 4436.643031260695 2814.1436923415977 1311.9165775817341 4971.726367242443 1918.6546693145183 2503.98323699888 1540.7128960423238];
rc=[10000.0 10000.0 10000.0 10000.0 10000.0];
