nTasks=30;
nCPUs=5;
rt=[2013.2284554343216 1246.4846614022524 4421.765042261997 1510.6122623559736 2530.576977212242 2224.669066025548 2493.076572707751 1620.594516740088 2412.086577735581 2334.1230520152267 1753.0778341883342 2438.88172944326 3677.5817524844683 2084.0170054124947 4950.495802901693 3605.218285300979 4358.347956429037 4420.119732563975 1412.1252089409822 676.8449576992156 3709.2513396114487 3079.7156728597197 551.1535628929236 2454.242857676105 3974.6153812831094 1953.0395593060675 3708.334806115616 4708.777456622814 4347.781494910268 2917.002511673134];
rc=[10000.0 10000.0 10000.0 10000.0 10000.0];
