nTasks=30;
nCPUs=5;
rt=[4875.923787532163 1325.0575818312159 3998.123704005622 3730.4028243669422 3987.063933042157 2153.599519309521 3741.79253676156 2288.130039829112 3872.819749850386 2173.397728227633 1228.9276033123983 1419.1617714272193 676.8016043456016 1385.8907233961538 1002.7891009457824 3973.5854757755274 1933.3430715307563 2403.8073246499953 1931.9523852052769 2359.4182662422227 564.7866978158761 1438.3156537759724 3070.9731713999645 3641.6431256912415 3653.8197684010543 4212.153766495549 1348.480894273078 749.0060829402321 3146.6116384701854 4337.266143922747];
rc=[10000.0 10000.0 10000.0 10000.0 10000.0];
