nTasks=30;
nCPUs=5;
rt=[508.7420953436154 1578.4805730968494 4451.121676803031 2449.604091780324 3418.899574478936 4709.536538536846 1351.1146445815011 2827.0800484163815 2392.530327385259 4417.4250105602005 2052.3552604734314 2405.271354999532 3875.984309913651 3952.6262486710284 4093.4076824466742 2582.065193323331 3995.8189912480116 1771.5481186594286 2829.2564931034185 1436.8053322773253 3535.976713767757 1536.9746363776721 1841.5972564159672 880.5529028147996 4453.93174968986 3754.8655996970833 1163.0390474478036 908.0553169891314 1766.9875042070391 2689.4249886909042];
rc=[10000.0 10000.0 10000.0 10000.0 10000.0];
